name: fat_cat
channels:
  - defaults
  - conda-forge
dependencies:
  - bzip2=1.0.8=h2bbff1b_6
  - ca-certificates=2026.2.25=h4c7d964_0
  - libexpat=2.7.4=hd7fb8db_0
  - libffi=3.4.4=hd77b12b_1
  - libmpdec=4.0.0=h827c3e9_0
  - libzlib=1.3.1=h02ab6af_0
  - lz4-c=1.9.4=h2bbff1b_1
  - markdown-it-py=4.0.0=py314haa95532_1
  - mdurl=0.1.2=py314haa95532_0
  - openssl=3.6.1=hf411b9b_1
  - packaging=25.0=py314haa95532_1
  - pip=26.0.1=pyhc872135_0
  - prompt-toolkit=3.0.52=pyha770c72_0

  - pygments=2.19.2=py314haa95532_0
  - python=3.14.3=h653fc63_101_cp314
  - python_abi=3.14=2_cp314
  - pyyaml=6.0.3=py314hb9a58be_0
  - questionary=2.1.1=pyhd8ed1ab_0
  - rich=14.2.0=py314haa95532_0
  - setuptools=80.10.2=py314haa95532_0
  - sqlite=3.51.1=hee5a0db_1
  - tk=8.6.15=hf199647_0
  - tzdata=2026a=he532380_0
  - ucrt=10.0.22621.0=haa95532_0
  - vc=14.3=h2df5915_10
  - vc14_runtime=14.44.35208=h4927774_10
  - vs2015_runtime=14.44.35208=ha6b5a95_10
  - wcwidth=0.6.0=pyhd8ed1ab_0
  - wheel=0.46.3=py314haa95532_0
  - xz=5.8.2=h53af0af_0
  - yaml=0.2.5=he774522_0
  - zlib=1.3.1=h02ab6af_0
  - zstd=1.5.7=h56299aa_0
  - pip:
      - annotated-types==0.7.0
      - certifi==2026.2.25
      - charset-normalizer==3.4.5
      - colorama==0.4.6
      - idna==3.11
      - openfoodfacts==4.0.0
      - pydantic==2.12.5
      - pydantic-core==2.41.5
      - requests==2.32.5
      - tqdm==4.67.3
      - typing-extensions==4.15.0
      - typing-inspection==0.4.2
      - urllib3==2.6.3

